EDGES
1: 93 49 24 47 45 36 69 79 43 63 
2: 92 18 77 78 80 49 95 18 58 3 
3: 96 50 37 78 54 42 98 87 47 16 
4: 52 71 60 98 41 21 66 32 33 79 
5: 59 11 10 83 24 26 70 98 27 73 
6: 12 4 77 70 60 29 88 43 70 100 
7: 31 13 12 12 51 76 43 94 52 39 
8: 3 92 65 82 34 13 73 83 16 55 
9: 3 98 89 77 84 73 93 74 5 99 
10: 58 77 5 71 54 73 6 14 34 90 
11: 97 42 9 28 99 16 34 30 27 73 
12: 39 28 42 77 98 53 48 9 92 64 
13: 91 26 77 74 75 25 57 3 50 83 
14: 55 55 75 98 51 75 51 52 76 34 
15: 71 21 86 54 45 54 24 74 100 41 
16: 45 11 32 19 69 27 65 34 67 35 
17: 15 33 98 41 91 29 32 44 75 62 
18: 54 88 37 63 2 46 3 34 24 92 
19: 8 4 1 25 14 76 92 89 95 42 
20: 95 10 20 71 99 17 59 68 51 35 
21: 85 22 46 82 93 43 4 28 62 49 
22: 83 70 35 49 61 99 84 41 74 52 
23: 65 91 68 49 45 3 46 17 97 13 
24: 68 59 8 67 18 51 14 82 13 35 
25: 3 57 61 65 43 94 38 41 91 75 
26: 75 20 44 80 91 100 12 71 35 1 
27: 98 6 39 40 76 1 44 28 61 100 
28: 83 92 6 22 74 77 80 10 84 19 
29: 66 30 80 14 71 75 19 99 84 28 
30: 56 74 60 44 82 34 98 41 36 4 
31: 11 62 93 13 78 72 91 39 1 17 
32: 12 64 70 35 29 3 61 87 22 45 
33: 7 73 7 88 92 88 22 41 77 71 
34: 80 54 22 79 57 75 49 16 85 30 
35: 37 39 14 67 15 31 97 54 30 34 
36: 24 92 68 27 88 50 3 88 25 46 
37: 57 80 47 74 33 10 23 23 16 93 
38: 4 1 93 58 23 75 31 90 41 42 
39: 18 4 5 31 82 36 80 26 59 36 
40: 18 92 54 7 15 36 92 26 57 76 
41: 89 37 83 85 50 6 56 79 79 74 
42: 35 17 51 14 45 74 15 82 40 94 
43: 32 42 98 45 42 25 61 2 35 66 
44: 20 24 27 10 46 12 11 41 34 6 
45: 83 41 22 24 58 53 16 53 65 81 
46: 41 97 34 9 4 5 20 66 19 97 
47: 67 44 18 66 85 80 41 46 66 29 
48: 6 60 32 13 38 21 25 38 77 30 
49: 96 12 95 60 94 99 69 21 53 87 
50: 31 50 30 75 45 78 44 29 86 3 
51: 61 55 51 34 35 49 8 38 84 56 
52: 47 30 47 46 51 2 41 41 66 55 
53: 94 91 64 3 97 91 100 22 56 97 
54: 37 80 85 9 82 78 56 12 4 72 
55: 55 54 100 83 89 16 73 69 24 20 
56: 3 56 24 18 25 36 17 18 17 66 
57: 57 52 89 2 86 66 71 56 12 75 
58: 44 82 50 85 6 6 18 19 8 95 
59: 14 72 91 80 15 64 4 41 27 59 
60: 72 79 85 66 92 64 46 95 72 80 
61: 83 20 67 61 61 31 38 93 61 91 
62: 43 39 22 7 99 96 55 19 25 26 
63: 14 41 20 45 17 45 36 93 74 44 
64: 39 75 51 39 34 4 2 62 23 80 
65: 93 84 24 30 61 91 86 60 27 87 
66: 65 86 90 95 21 30 76 19 98 69 
67: 83 91 93 19 90 89 17 43 29 8 
68: 30 72 36 48 79 36 20 31 15 86 
69: 56 73 45 57 64 14 67 45 94 30 
70: 24 71 44 99 38 89 74 4 46 36 
71: 80 10 88 57 13 5 8 32 19 100 
72: 62 18 56 12 28 22 77 77 72 66 
73: 12 19 19 24 73 28 98 50 13 56 
74: 34 9 73 89 70 87 55 57 3 100 
75: 35 3 82 48 71 20 70 19 75 88 
76: 90 98 23 38 74 19 46 52 20 26 
77: 100 70 94 24 53 22 69 29 91 58 
78: 3 9 94 48 76 29 91 71 43 28 
79: 88 79 52 90 96 9 78 2 28 56 
80: 52 92 88 86 17 77 78 5 77 57 
81: 24 97 45 67 81 5 99 62 29 83 
82: 20 39 31 99 74 6 78 98 29 6 
83: 75 52 33 7 30 40 85 42 66 68 
84: 37 45 57 92 62 8 64 11 86 13 
85: 98 34 41 40 16 60 94 95 77 95 
86: 52 6 38 83 85 23 9 36 59 27 
87: 21 15 13 13 94 27 14 65 45 97 
88: 88 1 97 11 34 5 77 7 99 98 
89: 38 23 45 12 25 86 57 3 22 16 
90: 96 83 10 28 45 90 23 79 68 29 
91: 19 91 98 91 30 67 30 99 75 3 
92: 48 88 84 72 58 71 48 79 64 56 
93: 26 35 67 21 81 35 18 90 95 15 
94: 63 5 2 65 51 47 84 11 91 81 
95: 8 36 10 54 48 28 60 31 24 89 
96: 12 84 5 92 44 35 85 46 41 4 
97: 2 95 3 95 41 25 2 94 11 65 
98: 63 54 66 43 26 50 13 25 87 12 
99: 23 84 40 68 85 46 62 3 26 83 
100: 20 47 72 22 63 84 93 79 25 38 
PAIRS
47 95
6 27
80 67
59 38
89 44
29 65
98 50
34 71
57 75
61 36
